555
597
539
597
514
597
517
517
536
596
515
539
594
544
592
552
589
562
741
573
558
591
539
593
516
516
549
586
571
570
587
543
525
592
767
557
579
583
550
591
591
560
574
586
538
539
577
554
587
569
516
587
566
562
516
585
568
525
583
574
544
539
575
579
524
556
578
573
534
534
549
561
519
575
571
530
530
553
555
529
569
572
515
515
536
554
530
564
750
512
567
564
557
537
546
548
534
556
556
524
560
561
516
516
523
529
550
534
546
538
543
541
541
541
543
537
543
544
756
535
543
534
543
534
534
542
535
541
536
539
760
536
536
539
534
762
541
542
543
512
543
520
516
543
517
517
520
514
524
539
512
528
536
512
532
532
532
513
535
527
516
516
523
519
537
520
523
535
518
528
532
532
518
530
528
520
533
525
523
532
525
525
530
528
528
523
526
528
526
527
526
526
525
525
524
526
528
529
527
531
525
519
530
528
519
534
535
535
516
530
516
538
538
524
537
512
535
528
515
515
526
526
541
517
544
534
765
548
526
541
760
545
520
517
548
759
541
528
552
761
535
553
529
541
552
765
524
545
553
512
548
513
513
520
554
513
548
555
524
546
556
762
541
558
536
535
557
753
544
554
751
552
514
523
754
556
535
533
762
548
518
520
545
536
550
514
528
537
550
518
523
539
549
539
520
520
521
538
546
765
521
524
536
512
512
543
538
519
526
526
531
516
540
512
538
518
531
527
535
535
516
517
533
523
526
530
520
533
518
534
521
524
524
524
531
521
531
523
528
525
525
528
528
524
524
529
519
527
521
521
524
752
513
513
537
590
590
644
697
749
800
848
848
932
966
994
1015
1027
1031
1025
1009
984
984
949
905
851
789
975
644
566
577
766
847
963
991
996
977
934
869
785
577
721
694
802
802
947
972
972
960
830
977
721
731
843
920
953
938
874
770
636
619
761
871
931
933
876
876
765
619
637
889
930
898
898
800
652
558
858
919
899
800
642
673
570
908
899
800
697
766
883
905
824
661
634
809
900
878
750
553
606
538
894
873
735
527
688
895
807
616
658
836
806
608
633
713
864
736
628
823
885
784
611
816
882
882
776
548
846
864
964
535
772
791
561
568
718
866
820
605
708
862
814
849
745
867
525
582
811
853
679
719
771
513
642
839
813
837
581
599
565
825
606
597
818
590
569
633
834
789
534
702
724
525
784
823
608
579
669
835
984
554
541
797
794
546
819
619
700
660
625
674
818
929
557
813
663
805
629
725
786
763
745
613
786
668
647
707
766
550
570
681
681
699
749
749
603
759
629
512
730
730
683
724
512
635
732
729
592
570
720
608
556
611
555
704
604
564
587
691
560
609
679
656
657
618
549
665
665
601
649
640
606
606
561
647
538
618
723
638
543
679
611
603
578
582
610
537
618
618
536
607
571
584
593
737
558
606
607
532
603
551
595
565
586
575
578
733
584
568
585
567
583
568
582
582
572
578
576
571
582
550
534
534
594
515
717
587
568
575
584
552
552
514
593
524
717
543
587
572
566
589
538
588
572
564
590
551
580
583
543
534
586
575
553
524
586
572
523
585
585
572
551
529
582
577
543
575
581
523
559
559
578
756
573
534
550
563
518
576
760
570
532
551
557
571
753
571
518
541
544
743
524
514
562
529
552
544
540
554
554
527
560
516
562
561
515
515
559
524
531
550
750
545
540
545
545
535
547
531
548
549
757
549
526
549
525
548
526
548
527
547
761
528
545
544
544
541
534
537
536
539
532
540
528
528
542
524
514
543
520
517
542
541
527
538
514
531
534
514
535
530
516
536
518
536
536
523
535
519
527
532
518
530
528
520
520
532
526
531
523
525
529
523
528
528
525
526
526
527
527
526
527
526
527
526
524
528
526
529
529
530
527
532
525
532
519
531
531
528
535
520
523
535
515
533
515
515
538
524
537
767
526
516
543
513
529
535
542
519
519
544
538
529
548
538
538
515
521
546
545
513
550
540
554
536
535
555
533
539
556
530
541
530
541
558
532
540
755
558
535
536
758
559
540
761
556
547
513
513
552
512
523
545
535
555
546
520
517
548
553
534
546
517
541
541
552
539
524
524
545
549
535
528
515
544
761
546
512
533
528
516
542
544
533
533
526
539
513
535
523
523
534
515
539
536
520
520
528
519
535
516
536
518
531
524
525
525
530
533
519
532
521
529
526
529
529
530
524
524
526
525
527
524
533
524
525
543
543
539
552
541
623
742
872
922
928
948
948
947
989
1002
1012
1020
1032
1039
1044
1047
1047
1048
1047
1043
1037
1027
1027
997
976
952
923
890
853
812
768
976
720
559
631
712
533
789
917
963
994
1009
1006
986
892
821
821
644
544
544
657
762
597
853
924
968
982
965
917
917
741
625
715
826
909
954
957
916
834
720
585
591
732
848
923
946
946
913
702
550
651
645
788
890
890
823
686
521
643
795
895
895
925
876
757
592
670
680
829
909
904
904
812
653
526
714
855
912
870
739
551
513
710
856
849
849
696
638
814
899
866
723
675
841
898
825
646
603
543
893
848
680
621
558
814
818
624
645
722
869
865
712
732
851
871
728
703
606
862
680
551
781
877
788
788
559
707
863
831
624
675
596
838
641
693
818
854
598
754
866
759
830
836
888
514
770
858
723
856
748
707
596
852
723
850
722
767
839
912
596
819
795
545
838
688
595
815
776
768
512
763
559
599
711
824
674
820
678
661
678
645
672
810
810
701
798
607
771
535
562
777
713
783
615
603
742
732
739
638
769
867
611
520
742
701
678
742
742
540
605
747
610
731
731
656
681
684
692
667
687
687
658
676
664
659
721
672
633
695
533
677
670
674
551
649
616
655
647
656
554
610
633
641
630
514
631
572
590
618
618
531
626
550
604
594
724
564
615
521
615
550
599
575
599
549
606
515
606
537
537
600
554
712
593
566
585
579
574
581
581
571
582
738
571
580
574
577
577
583
563
588
718
536
593
518
544
589
578
735
580
558
592
533
536
590
590
565
575
732
585
545
526
590
562
573
573
586
538
537
587
574
517
589
767
563
568
587
557
571
585
521
726
558
568
584
563
560
520
582
572
545
539
575
744
579
558
556
526
575
752
574
527
556
555
572
752
573
519
562
544
541
561
743
519
520
559
741
545
530
561
561
516
565
563
517
559
529
529
551
539
546
536
751
528
557
516
557
513
557
512
556
515
515
555
517
554
519
552
521
763
551
521
550
521
550
521
550
520
549
518
513
548
516
515
548
514
518
546
521
544
544
525
542
529
539
533
536
766
537
512
538
527
513
540
523
540
540
519
539
517
527
527
516
531
532
517
534
528
535
524
524
534
521
526
532
521
529
529
530
530
526
523
529
524
526
528
525
527
527
526
526
526
526
527
525
527
527
524
529
525
524
530
523
528
530
520
520
531
525
534
520
527
532
516
525
525
520
517
528
534
534
513
537
524
519
541
513
531
542
521
542
538
528
513
547
529
537
546
516
520
544
543
512
512
550
537
531
762
533
539
554
543
754
523
546
753
553
512
520
752
554
549
752
555
523
547
556
527
543
753
534
538
559
541
529
763
556
549
519
516
549
554
529
540
557
542
525
512
551
552
529
553
543
520
519
544
544
551
536
527
527
514
548
767
532
530
513
545
531
530
515
515
543
514
532
528
519
541
534
524
534
515
539
515
520
520
527
520
535
517
535
519
531
525
525
530
521
520
532
532
529
525
525
528
530
529
524
524
528
525
527
521
529
520
528
518
518
518
516
581
644
644
766
824
876
922
961
992
1013
1279
1023
1011
951
903
844
776
700
618
533
527
630
817
892
892
983
993
993
977
869
783
783
568
512
638
755
854
926
926
965
927
927
749
623
745
602
848
923
951
930
859
747
607
518
673
807
901
938
914
700
542
542
569
730
600
856
922
917
840
704
535
692
834
912
912
908
822
672
816
904
901
805
805
640
590
771
886
903
816
648
659
903
864
721
517
825
900
849
945
532
876
882
1012
545
729
877
999
743
578
788
887
833
902
646
728
871
857
705
725
870
848
669
779
879
879
573
681
854
849
922
666
828
860
700
618
828
856
856
667
849
614
601
755
608
750
648
818
592
577
568
805
843
652
528
847
670
531
786
841
907
651
574
554
818
592
653
763
751
835
654
627
570
826
512
775
811
586
826
653
617
672
823
944
688
647
561
817
648
811
684
652
671
903
647
712
536
587
756
752
602
675
700
767
557
566
683
696
748
568
758
629
631
513
730
690
686
722
765
639
730
555
555
602
728
585
585
578
720
600
565
712
602
602
565
705
594
594
575
698
576
689
547
547
619
674
512
644
726
662
606
686
564
664
551
614
645
591
576
643
627
636
527
621
591
572
623
623
515
621
563
600
733
554
616
519
694
515
612
555
596
598
550
605
605
514
528
604
533
533
600
548
595
559
590
566
570
571
571
581
571
727
582
568
585
562
588
592
543
517
594
529
716
533
587
574
574
583
555
719
592
529
539
590
566
574
574
586
545
718
526
591
561
575
586
540
533
588
572
561
512
589
589
559
572
586
527
551
576
584
530
550
574
555
568
568
584
514
565
555
526
579
579
576
535
548
566
513
578
569
542
732
544
565
575
575
569
534
736
556
527
569
516
746
536
547
552
530
563
514
567
564
521
558
535
548
545
553
749
558
519
559
512
560
558
517
556
553
527
550
530
548
534
755
546
536
544
536
543
756
542
536
541
535
541
534
543
532
532
529
527
544
766
545
512
545
518
518
545
516
520
543
513
524
528
533
534
512
535
528
514
524
524
517
520
521
536
517
526
534
517
530
530
517
526
520
520
523
523
532
527
530
529
527
527
524
529
526
526
528
525
526
526
527
526
524
526
528
528
523
529
526
523
531
526
519
530
530
520
535
521
526
526
534
516
533
527
517
517
538
526
536
512
536
525
516
514
514
529
542
521
521
543
537
529
547
528
539
539
546
516
518
546
543
525
551
532
532
538
554
527
554
524
545
554
524
547
554
524
546
527
545
558
539
558
537
532
557
545
553
552
513
523
545
545
556
535
532
532
547
517
519
545
761
536
551
755
513
527
538
551
520
549
521
540
547
537
544
538
521
526
533
540
512
512
518
529
528
520
536
515
537
517
532
532
523
525
531
520
535
518
533
521
529
526
526
524
530
521
531
520
520
530
523
528
526
525
528
523
524
529
529
528
525
526
515
534
518
534
746
521
523
556
566
583
636
636
668
718
746
519
775
832
859
887
914
939
962
1002
1018
1018
1038
1042
1041
1036
1025
1008
986
923
923
883
785
729
670
606
540
606
693
693
850
913
961
992
1005
998
971
925
860
860
779
585
568
684
789
876
939
974
974
944
880
880
677
552
572
704
819
905
952
954
912
827
709
681
635
772
877
936
884
779
779
576
732
923
925
860
737
577
604
879
924
889
781
620
668
907
905
905
657
536
723
723
860
861
722
531
544
738
871
904
827
827
686
845
902
902
670
527
617
873
888
571
685
850
891
791
717
866
875
739
514
610
811
887
803
594
789
884
809
809
605
814
765
531
531
863
841
651
624
829
864
709
595
815
864
713
707
622
830
850
669
697
858
803
824
542
798
855
727
859
756
679
594
850
526
667
845
780
521
690
847
1007
743
845
805
808
572
839
963
707
576
552
786
529
753
611
703
824
660
820
937
681
661
814
677
674
809
650
706
796
598
765
542
577
781
701
779
851
595
752
718
718
659
765
765
587
548
751
680
698
729
634
578
574
737
627
529
655
702
669
688
681
665
679
651
630
536
683
599
572
679
559
663
641
630
532
658
658
578
590
648
514
634
606
606
559
643
537
537
618
608
721
634
534
679
616
592
569
516
561
595
596
559
612
612
523
612
546
601
717
590
562
600
543
603
517
528
602
602
516
600
540
597
548
713
551
593
551
593
549
592
544
594
536
521
595
714
533
513
547
562
580
566
725
589
545
592
519
586
586
572
568
727
589
538
532
590
565
572
572
587
537
536
587
574
560
513
590
516
516
559
573
586
549
577
577
584
533
546
577
583
551
572
736
583
520
560
562
519
760
572
543
540
572
578
518
518
563
551
533
571
575
517
517
562
545
564
515
763
528
549
535
517
568
566
558
535
548
547
536
556
556
561
562
517
517
525
554
532
548
537
544
542
540
544
544
536
546
533
547
531
548
757
529
529
547
528
547
529
546
530
544
760
543
533
540
535
537
539
531
764
541
527
524
524
514
520
517
543
517
521
540
514
526
538
513
534
514
514
530
515
536
525
518
537
521
536
536
519
533
518
529
529
519
531
532
525
530
528
524
528
526
525
528
527
526
526
527
526
529
525
525
525
528
523
529
528
528
524
524
532
519
529
529
518
535
535
523
523
535
516
530
530
516
538
520
538
512
533
530
513
513
542
516
525
539
765
540
525
515
765
532
547
515
523
543
544
514
549
539
530
530
552
532
537
552
526
543
543
512
547
552
515
550
550
516
519
550
550
553
514
519
550
554
548
548
557
527
543
558
536
536
543
526
555
551
515
520
547
556
761
534
555
546
519
518
546
755
554
535
531
766
551
548
527
527
538
551
543
520
549
539
521
539
539
547
538
523
537
512
543
537
525
532
532
540
512
538
518
518
530
528
521
535
516
516
537
533
523
526
530
520
534
518
533
521
530
526
525
530
530
531
531
523
528
526
525
528
524
524
524
534
524
531
526
538
545
545
545
527
699
782
794
749
748
714
709
695
666
645
591
560
560
650
719
786
847
901
947
1007
1019
1019
1002
929
872
804
726
640
714
603
801
882
942
942
979
989
989
972
856
765
657
540
591
715
823
906
955
965
935
866
764
639
