30984522823317359771752504599316173
1741
1563
1819
1886
1630
1630
1695
1439
1439
1514
1514
1514
212
1748
1748
1554
1810
1810
1868
1612
1612
1693
1437
1437
1532
1532
1532
1505
1761
1761
1541
1797
1846
1590
1590
1695
1439
1439
1305
1561
1779
1779
1779
1778
1778
1778
1560
1560
1560
164
1444
1444
1341
1597
1597
1539
1795
1795
2003
1747
1747
1781
1525
1525
1456
1456
1456
1384
1640
1549
1805
1805
1963
1707
1707
1749
1493
213
1482
1482
1482
1433
1689
1689
1548
1804
1804
1654
1654
1723
1467
1467
1523
1523
1523
1481
1737
1737
1784
1784
1784
1594
1594
1594
1712
1456
1324
1580
1580
1774
1774
1774
1743
1743
207
1791
1535
1535
1472
1472
1472
1393
1649
1649
1792
1792
1936
1680
1680
1744
1488
1488
1515
1515
1515
1462
1718
1718
1780
1780
1780
1605
1605
1725
1469
1469
1329
1585
1585
1768
1768
232
1730
1730
1730
1787
1531
1531
1487
1487
1487
1411
1667
1667
1784
1784
1784
1652
1652
1652
1485
1485
1294
1550
1550
1741
1741
1741
1749
1749
1562
1562
1562
1739
1483
1483
1382
1638
1776
1776
1776
1672
1672
1672
1754
1498
1498
1282
1538
1538
1725
1725
1725
1751
1751
1751
1574
1574
1743
1487
1487
1377
1633
1633
1769
233
1769
1670
1670
1670
1758
1502
1502
1289
1545
1725
1725
1725
1741
1741
1741
1566
1566
1566
1753
1497
1497
1393
1649
1649
1766
1766
1766
1651
1651
1757
1501
1501
1313
1569
1569
1738
202
1738
1718
1718
1718
1544
1544
1544
1771
1515
235
1423
1679
1679
1755
1755
1755
1612
1612
1612
1756
1500
1500
1356
1612
1612
1753
1753
1753
1678
1678
1775
1519
1519
1296
1552
1552
1717
181
1717
1724
1724
1724
1562
1562
1562
1772
1516
1516
1411
1667
1667
1747
1747
1747
1616
1616
1616
1763
1507
1507
1358
1614
1614
1744
1744
1744
1666
1666
1776
1520
1520
1311
1567
1567
1722
186
1722
1705
1705
1705
1550
1550
1550
1537
1537
1537
1689
1689
1689
1729
1729
1729
1585
1585
1585
1775
1519
1519
1395
1651
1651
1738
1738
1738
1623
1623
1773
1517
1517
1360
1616
1616
1735
199
1735
1657
1657
1657
1782
1526
1526
1330
1586
1586
1723
1723
1723
1682
1682
1682
1540
1540
1561
1561
1561
1704
1704
1704
1700
1700
1700
1559
1559
1548
1548
1548
1688
1688
1688
1714
178
1714
1578
1578
1578
1538
1538
1538
1668
1668
1668
1720
1720
1720
1596
1596
1596
1789
1533
1395
1651
1651
1723
1723
1723
1611
1611
1611
252
1532
1532
1381
1637
1637
1722
1722
1722
1623
1623
1623
1789
1533
1533
1371
1627
1627
1721
1721
1721
1633
1633
1633
1537
1537
1537
1620
1620
1718
1718
1718
1638
1638
1638
1539
1539
1539
1616
1616
1716
1716
1716
1642
1642
1642
1541
1541
1541
1613
1613
1613
1713
1713
1713
1642
1642
1642
1543
1543
1543
1614
1614
1614
1711
1711
1640
1640
1640
1545
1545
1545
1618
1618
1618
175
1711
1711
1637
1637
1637
1547
1547
1547
1623
1623
1623
1710
1710
1710
1631
1631
1631
1550
1550
1632
1632
1632
1707
1707
1707
1622
1622
1551
1551
1551
1640
1640
1640
1704
1704
1704
1612
1612
1555
1555
1555
1650
1650
1650
1698
1698
1698
1600
1600
1600
1561
1561
1561
1662
1662
1692
1692
1692
1589
1589
1589
1570
1570
1674
1674
1674
1682
1682
1682
1578
1578
1578
1582
1582
1684
1684
1684
1666
1666
1666
1567
1567
1567
1597
1597
1597
1691
1691
1691
1650
1650
1563
1563
1563
1617
1617
1617
1695
1695
159
1629
1629
1629
1562
1562
1562
1637
1637
1637
1691
1691
1608
1608
1608
1568
1568
1568
1657
1657
1657
1681
1681
1681
1589
1589
1589
1582
1582
1674
1674
1674
1663
1663
1663
1574
1574
1602
1602
1602
1684
1684
1684
1640
1640
1640
1568
1568
1568
1628
1628
1628
1686
1686
1686
1615
1615
1574
1574
1574
1654
1654
1654
1677
1677
1593
1593
1593
1590
1590
1590
1674
1674
1656
1656
1656
1577
1577
1577
1613
1613
1613
1681
1681
1681
1627
1627
1627
1575
1575
1575
1643
1643
1678
1678
1678
1601
1601
1601
1587
1587
1666
1666
1666
1656
1656
1656
1582
1582
1613
1613
1613
1679
1679
1679
1628
1628
1628
1579
1579
1579
1643
1643
1643
1672
1672
1672
1600
1600
1594
1594
1594
1667
1667
1667
1649
1649
1583
1583
1583
1623
1623
1623
1675
1675
1619
1619
1619
1586
1586
1586
1652
1652
1652
1661
1661
1661
1592
1592
1592
1607
1607
1607
1669
1669
1631
1631
1631
1583
1583
1583
1639
1639
1667
1667
1667
1603
1603
1603
1601
1601
1601
1665
1665
1665
1643
1643
1643
1588
1588
1588
1632
1632
1632
1668
1668
1668
1610
1610
1610
1597
1597
1659
1659
1659
1647
1647
1647
1590
1590
1626
1626
1626
1666
1666
1666
1614
1614
1614
1597
1597
1597
1656
1656
1656
1647
1647
1647
1593
1593
1593
1626
1626
1626
1665
1665
1665
1616
1616
1600
1600
1600
1656
1656
1656
1647
1647
1595
1595
1595
1628
1628
1628
1663
1663
1663
1614
1614
1614
1602
1602
1602
1655
1655
1641
1641
1641
1596
1596
1596
1633
1633
1633
1660
1660
1610
1610
1610
1608
1608
1608
1657
1657
1634
1634
1634
1598
1598
1598
1640
1640
1640
1654
1654
1654
1606
1606
1606
1616
1616
1658
1658
1658
1626
1626
1626
1602
1602
1602
1647
1647
1645
1645
1645
1601
1601
1601
1624
1624
1635
1635
1635
1785
1529
1529
1405
1405
1405
1405
1405
1405
1476
1476
1476
1524
1524
1303
1559
1559
1590
1590
1590
1622
1622
1622
1656
1656
1691
1691
1691
1728
1728
1728
1766
1766
1766
1549
1805
1805
1845
1845
1845
1886
1886
1886
1928
1928
1928
1970
1970
1970
2013
2013
1800
2056
2056
2097
2097
2097
2138
2138
2138
2178
2178
2217
2217
2217
2254
2254
2254
2289
2289
2289
2065
2321
2321
2351
2351
2351
2377
2377
2399
2399
2399
2416
2416
2416
2430
2430
2438
2438
2438
2441
2441
2441
2437
2437
2437
2427
2427
2411
2411
2411
2387
2387
2387
2358
2358
2358
2320
2320
2320
2531
2275
2275
2223
2223
2164
2164
2164
2098
2098
2098
2282
2026
1949
1949
1949
1866
1866
1866
2035
1779
1779
1689
1689
1597
1597
1597
1760
1504
1504
1411
1411
1411
1320
1320
1320
1488
1232
1232
1149
1149
1072
1072
1072
1259
1003
1003
943
943
894
894
894
857
857
857
833
833
833
823
823
828
828
828
848
848
848
884
884
884
936
936
936
1002
1002
1002
827
1083
1176
1176
1176
1025
1281
1281
1394
1394
1515
1515
1515
1383
1639
1639
1765
1765
1765
1888
1888
2006
2006
2006
1858
2114
2114
2211
2211
2211
2293
2293
2293
2101
2357
2357
2401
2401
2422
2422
2422
2421
2421
2421
2397
2397
2347
2347
2347
2530
2274
2274
2179
2179
2179
2065
2065
2065
2192
1936
1936
1795
1795
1795
1646
1646
1752
1496
1496
1351
1351
1351
1470
1214
1091
1091
1091
1243
987
987
908
908
857
857
857
837
837
837
850
850
850
896
896
896
973
973
973
823
1079
1079
1210
1210
1105
1361
1361
1525
1525
1525
1439
159
1695
1607
1863
1863
2021
2021
2021
1905
2161
2275
2275
2275
2101
2357
2357
2403
2403
2403
2407
2407
2407
2371
2371
2371
2551
2295
2295
2182
2182
2294
2038
2038
1870
1870
1870
1943
1687
1755
1499
1499
1318
1318
1318
1410
1154
1274
1018
1018
919
919
919
863
863
863
856
856
856
898
898
898
988
988
988
1120
1120
1031
1287
1287
1479
1479
1479
1425
1681
1624
1880
1880
1807
2063
2063
2215
2215
2215
2070
2326
2326
2386
2386
2386
2391
2391
2391
2337
2337
2337
2486
2230
2230
2074
2074
2074
1882
1882
1925
1669
1669
1708
1452
1452
1505
225
1249
1076
1076
1076
1205
949
949
878
878
878
872
872
872
931
931
931
795
1051
1223
1223
1223
1176
1432
1432
1404
1660
1660
1885
1885
1831
2087
2087
2247
2247
2247
2093
2349
2382
2382
2382
2341
2341
2341
2486
2230
2230
2059
2059
2059
2099
1843
1843
1861
1605
1624
1368
1368
1414
1158
1158
1252
996
996
902
902
885
885
885
949
949
949
833
1089
1032
1288
1288
1526
1526
1526
1521
1777
1777
1755
2011
2011
1946
2202
2202
2070
2326
2367
2367
2367
2321
2321
2321
2446
2190
2190
198
1990
1990
2001
1745
1745
1740
1484
1484
1498
1242
1242
1048
1048
1048
1183
927
927
898
898
898
963
963
963
861
1117
1117
1083
1339
1345
1601
1601
1611
1867
1867
1845
2101
2101
222
2270
2270
2093
2349
2349
2327
2327
2327
2461
2205
2205
2255
1999
1999
1995
1739
1739
1718
1462
1466
1210
1210
1275
1019
1019
919
919
928
928
928
788
1044
1044
1251
1251
1251
237
1517
1517
1288
1800
1800
1801
2057
2057
2245
2245
2245
2078
2334
2334
2307
2307
2307
2425
2169
2197
1941
1941
1915
1659
1659
1627
1371
1383
1127
1127
1224
968
968
924
924
924
235
1003
1003
935
1191
1191
1202
1458
1458
1499
1755
1755
1774
2030
2030
1977
2233
2233
2068
2324
2542
2286
2286
2124
2124
2124
2124
1868
1823
1567
1567
1790
1278
1278
1055
1055
1055
176
944
944
967
967
967
865
1121
1121
1120
1376
1376
1426
1682
1682
1721
1977
1977
1946
2202
2053
2309
2309
2530
2274
2274
2105
2105
2092
1836
1836
2034
1522
1522
1486
1230
1230
1024
1024
1204
948
948
1021
1021
1021
972
1228
1228
1268
1524
1524
1332
1844
1844
1858
2114
2275
2275
2275
2287
2287
2287
2148
2148
2145
1889
1889
1825
1569
1569
1774
1262
1262
1043
1043
1043
1219
963
963
787
1043
1043
1265
1265
1063
1575
1575
1643
1899
1899
1900
2156
2282
2282
2282
2243
2243
2243
2050
2050
2261
1749
1749
1673
1417
1417
1396
1140
1140
1245
989
989
1005
1005
1005
928
1184
1184
1482
1482
1306
1818
1818
1847
2103
2103
2260
2260
2245
2245
2245
2061
2061
2061
2269
1757
221
1674
1418
1418
1394
1138
1138
1251
995
995
776
1032
1032
1239
1239
1239
1045
1557
1557
1895
1895
1900
2156
2156
2262
2262
2262
2182
2182
2194
1938
1938
1858
1602
1602
1786
1274
250
1052
1052
1052
1262
1006
1006
893
1149
1149
1184
1440
1440
1532
1788
1788
1575
2087
2087
2242
2242
2203
2203
2203
2237
1981
1981
1903
1647
1564
1308
1308
1328
1072
1072
1273
1017
249
906
1162
1162
1204
1460
1460
1302
1814
1814
1849
2105
2105
2237
2237
2237
2163
2163
2163
1909
1909
1815
1559
1559
1745
1233
1233
1044
1044
1058
1058
1058
1271
1271
1271
1097
1609
1609
1696
1952
1952
1925
2181
2181
2212
2212
2212
2289
2033
2033
1964
1708
1708
1610
1354
1354
1100
1100
1041
1041
1041
1198
1198
1198
1259
235
1515
1362
1874
1874
1885
2141
2141
2213
2213
2213
2063
2063
2063
2259
1747
1747
1643
1387
1387
1376
1120
1120
1051
1051
1051
1207
1207
1207
1528
1528
1376
1888
1888
1888
2144
2144
2194
2194
2272
2016
2016
1937
1681
1681
1581
1325
1325
1349
1093
1093
1081
1081
1081
1039
1295
1391
1647
1647
1734
1990
1990
1924
2180
2180
2137
2137
2135
1879
1879
2027
1515
1515
1456
176
1200
1070
1070
1070
1180
1180
1180
1229
1485
1485
1340
1852
1852
1864
2120
2120
2170
2170
2236
1980
1980
1889
1633
1633
1540
1284
1284
1091
1091
1141
1141
1141
1156
1412
1412
1527
247
1783
1570
2082
2082
2171
2171
2171
2265
2009
2009
1926
1670
1670
1568
1312
1312
1361
1105
1145
1145
1145
1159
1415
1415
1531
1787
1787
2082
2082
2157
2157
2157
2232
1976
1976
1882
1626
1626
1791
1279
1279
1104
1104
1104
1189
1189
1189
1236
1492
1492
1350
1862
1862
1858
2114
2120
2120
2120
2133
1877
1877
2021
1509
1509
178
1202
1202
1114
1114
1114
1036
1292
1292
1387
1643
1643
1729
1985
1985
1884
2140
2140
2281
2025
1957
1701
1701
1595
1339
1339
1388
1132
1191
1191
1191
1229
1485
1485
1343
1855
1855
2101
2101
2089
2089
2089
2081
1825
1825
1965
1453
1453
1436
1180
1180
1156
1156
1156
1139
1395
1509
1765
1765
1544
2056
2056
2105
2105
2139
1883
1883
2028
1516
1516
1470
1214
1214
1150
1150
1106
1362
1362
1472
1728
1728
1778
2034
2034
1845
2101
2101
2146
1890
1890
2037
1525
1478
1222
1222
1161
1161
1161
1124
1380
1490
1746
1746
1783
2039
2039
1826
2082
2082
1849
1849
1993
1481
1481
1460
1204
1204
1189
1189
1189
1189
1445
1445
1303
1815
1815
1811
2067
2299
2043
2043
2015
1759
1759
1650
1394
1434
1178
1178
1250
1250
1250
1051
1563
1563
1917
1917
1828
2084
2084
2211
1955
1955
1870
1614
1614
1540
1284
1284
1437
1181
1181
1116
1372
1476
1732
1732
1766
2022
2022
1792
2048
2049
1793
1793
1940
1428
1428
1454
1198
1198
1260
1260
1260
1059
1571
1571
1663
1919
1919
2066
2066
2168
1912
1912
1818
1562
1562
1771
1259
1214
1214
1214
1203
1459
1459
1308
1820
2045
2045
2045
1974
1974
1974
1914
1658
1658
1577
1321
1321
1461
1205
1205
1137
1393
1393
1749
1749
1761
2017
2017
2001
2001
2001
1970
1714
1621
1365
1365
1467
1211
1211
1109
1365
1458
1714
1714
1741
1997
1997
2005
2005
2005
1988
1732
1732
1638
1382
1382
1475
1219
1219
1367
1367
1456
1712
1712
1736
1992
1992
1992
200
1992
1969
1713
1713
1625
1369
1369
1483
1227
203
1140
1396
1396
1489
1745
1745
1744
2000
2000
1961
1961
1961
1916
1660
1660
1590
1334
1334
1243
1243
1202
1458
1458
1296
1808
1808
2012
220
2012
1906
1906
1906
1831
1575
1575
1545
1289
1280
1280
1280
1299
1555
1555
1633
1889
1889
2006
2006
2006
1811
1811
1811
1977
1465
1465
1256
1256
1102
1358
1358
1429
1685
1685
1706
170
1962
1956
1956
1956
1928
1672
1672
1608
1352
1352
1523
1267
1267
1235
1491
1491
1319
1831
1831
1994
1994
1994
1841
1841
1841
2015
1503
1503
1276
1276
1100
1356
1356
1417
1673
1673
1692
1948
1938
1938
1938
1909
1653
1653
1602
1346
1346
1280
1536
1536
1606
1862
1862
1976
1976
1976
2031
1775
1775
1697
1441
1441
1279
1279
1179
1435
1435
1511
1767
1767
1714
178
1970
1858
1858
1858
2047
1535
1535
1300
1300
1300
1372
1372
1372
1427
1683
1683
1685
1941
1904
1904
1904
1864
1608
1608
1588
1332
1332
1338
1338
1363
1619
1619
1650
1906
1906
1925
1925
1914
1658
1658
1619
1363
1363
1325
1325
1325
1324
1580
1580
1625
1881
1881
1933
1933
1943
1687
1687
1641
1385
1385
1324
1324
1324
1564
1564
1610
1866
1866
1930
1930
1930
1948
1692
1692
1648
1392
1392
1329
1329
1329
1312
1568
1568
1610
1866
1866
1921
1921
1921
1935
1679
1642
1386
1386
1342
1342
1342
1336
1592
1592
1878
1878
1905
1905
1905
1902
1646
1646
1626
1370
1370
1365
1365
1365
1379
1635
1635
1639
1895
1895
1874
1874
1874
1850
1594
1594
1607
1351
1404
1404
1404
1438
1694
1694
1656
1912
1912
1825
1825
2039
1527
1527
1339
1339
1339
1463
1463
1463
1509
1765
1765
1660
1916
1916
2009
1753
1711
1455
1455
1348
1348
1348
1293
1549
1580
1836
1836
1890
1890
1890
1909
1653
1653
1389
1389
1392
1392
1392
1402
1658
1658
1633
1889
1889
1825
1825
1825
1796
1540
1540
1613
1357
1482
1482
1482
1517
1773
1773
1641
1897
1969
1713
1713
1689
1433
1433
1379
1379
1379
1612
1612
1606
1862
1862
1839
1839
1839
1827
1571
1571
1627
1371
1371
1473
1473
1473
1500
1756
1631
1887
1887
1968
1712
1712
1695
1439
159
1392
1392
1392
1370
1626
1626
1605
1861
1861
1816
1816
1633
1377
1377
1512
1512
1512
1531
1787
1787
1613
1869
1869
1915
1659
1670
1414
1414
1434
1434
1434
1436
1692
1614
1870
1870
2006
1750
1750
1736
1480
1480
1396
1396
1346
1602
1602
1583
1839
1839
1813
1813
1813
1813
1557
1557
1649
1393
1393
1527
1527
1532
1788
1788
1589
1845
1845
1882
1626
1667
1411
1411
1473
1473
1473
1477
1733
1733
1599
1855
1855
1940
1684
1684
1698
1442
1442
1441
1441
1427
1683
1683
1596
1852
1852
1985
1729
1732
1476
1476
1424
1424
1424
1385
1641
1583
1839
1839
2014
1758
1758
1762
1506
1506
1418
1418
1418
1354
1610
1610
1569
1825
1825
1775
1775
1785
1529
1529
1417
1417
1417
1334
1590
1558
1814
1814
2042
1786
1786
1545
1545
1676
1420
1420
1324
1580
1580
1548
1804
1804
2041
1785
1785
1551
1551
1551
1681
1425
1425
1580
1580
2037
1781
1781
1549
1549
1685
1429
1429
1333
1589
1589
2025
1769
1769
1538
1538
1538
1691
1435
1435
1350
1606
1606
1551
1807
1807
2009
1753
1753
1522
1522
1445
1445
1445
1375
1631
1631
1556
1812
1984
1728
1728
1757
1501
1501
1460
1460
1460
1407
1663
1663
1558
1814
1814
1950
1694
1694
1736
1480
1480
1485
1485
1485
1444
1700
1700
1807
1807
1905
1649
1649
1716
1460
1460
1521
241
1521
1484
1740
1740
1536
1792
1792
1856
1600
1600
1709
1453
1453
1313
1569
1569
1773
1773
1757
1757
1757
1717
1461
1461
1629
1629
1539
1795
1795
1962
1706
1706
1755
219
1499
1491
1491
1491
1437
1693
1693
1538
1794
1794
1896
1640
1640
1726
1470
1470
1749
1749
1749
1761
1761
1761
1566
1566
1566
189
1469
1469
1365
1621
1621
1783
1783
1783
1701
165
1701
1761
1505
1505
