190
860
24
1609
1569
1149
1568
439
108
1267
1496
121
1401
1526
1460
549
1620
807
695
1570
1368
1038
1029
1643
634
48
1212
1492
1639
1127
634
569
1253
1446
187
1597
970
1675
395
1190
25
1640
550
1297
62
617
1318
67
582
1057
1632
455
1086
0
1790
254
34
1345
58
426
248
6
171
85
698
425
8
32
868
1582
257
456
151
229
5
1234
1339
33
890
550
622
272
1604
763
1460
1041
11
1009
1479
2
770
1643
370
1641
62
1598
126
1529
884
59
1451
1382
1210
0
1278
1285
1117
1352
1111
1367
1368
1291
1098
1352
1352
1068
1324
1277
0
1236
0
1311
1124
1394
1014
1014
1392
880
1556
727
191
559
323
1648
384
494
1632
89
1415
1181
1028
4
1403
944
95
1574
1667
285
1647
354
574
1598
121
909
1414
3
225
1249
1104
42
1523
721
253
1646
343
1568
1610
74
1040
1288
1
1422
1372
860
175
1635
401
556
1580
71
1247
12
204
738
273
1647
1454
0
961
905
137
384
624
1534
24
1228
1048
1700
420
1537
1259
132
1633
337
695
1463
821
258
366
172
960
1266
26
1563
512
544
16
36
1316
236
1646
156
1198
1611
471
1418
1501
757
1548
9
1369
858
346
1612
50
1248
1017
249
95
1167
203
120
957
189
117
1149
979
211
89
1206
277
1309
791
901
5
1438
570
2
302
814
77
1644
1112
269
128
1408
596
1422
77
1018
1048
82
1618
20
565
573
60
1645
134
446
1496
1602
1786
1558
1566
819
307
1563
289
955
363
1524
1614
1178
795
515
640
1408
1648
69
539
788
1167
218
1592
1536
1584
232
1160
782
818
562
1348
102
1638
244
1524
318
856
507
353
96
1637
9
1553
273
1143
759
1267
1206
182
0
1622
125
501
902
431
383
1407
96
1631
35
29
22
14
9
4
1
0
0
0
1
7
27
1616
1577
1520
1450
1450
1362
1259
1145
1022
890
755
621
366
510
254
158
82
27
0
0
0
29
87
173
421
421
338
187
75
42
42
139
286
684
655
911
1330
1491
2
76
225
437
690
705
961
1434
1581
1647
413
701
1008
1509
1509
1628
1635
1299
1050
1097
1353
1566
1647
1584
1382
1334
1078
1258
1642
1601
1395
1063
1192
680
1633
1613
1403
1050
272
298
1638
1464
1190
678
285
16
1310
880
430
0
155
1284
824
363
15
15
256
1022
520
0
0
178
605
99
5
246
724
9
97
504
1055
1503
64
197
1017
12
560
635
1147
1
278
843
1401
1391
1647
669
1278
1630
630
745
1627
1514
983
726
1646
1680
1424
958
1517
1619
1198
1644
1683
792
1107
1599
1537
285
1573
1024
323
1567
1563
986
281
0
1607
1497
939
171
1595
599
45
143
1600
1041
0
169
603
38
1648
880
161
49
654
1080
293
5
1198
386
0
158
414
0
403
388
458
1297
295
13
589
78
798
781
63
1087
25
537
141
962
0
525
1409
1590
206
1088
1645
39
1563
1436
499
1412
1574
308
1634
1730
188
1106
1647
1643
1685
1173
1637
1713
1692
1180
1644
1625
1113
1645
988
1616
1576
808
1526
578
1347
323
1054
1126
512
286
355
1643
887
26
1430
57
928
33
454
1404
336
88
800
612
173
230
1319
506
27
289
99
137
612
9
910
880
0
686
45
503
1569
115
365
267
1416
78
1358
1322
1485
156
1313
162
1469
1371
153
1433
1509
1506
464
1582
1102
634
1637
851
1644
1065
1474
1145
32
1646
796
5
1587
1336
1392
1618
923
0
961
1607
448
153
1307
1307
792
782
1521
1561
1048
1707
427
23
1636
510
1232
32
500
415
1184
13
1613
397
1024
1531
226
433
771
45
1332
52
248
955
5
95
678
239
27
14
1246
48
814
398
353
683
107
1461
0
1152
789
833
449
1647
189
1554
1437
0
1410
87
1640
395
1643
60
1596
112
1510
932
41
1406
1292
1473
1179
1320
8
1076
1398
1335
916
80
1010
826
1538
110
810
1542
1536
1639
1522
87
1495
946
37
1021
1393
1313
1280
1225
1208
0
1331
1075
914
92
734
537
1648
338
1706
170
1509
45
1056
1321
0
1310
1064
237
1517
756
477
1626
177
819
1297
17
1181
1174
1482
1302
790
1639
392
557
1591
95
993
0
115
1395
896
156
1629
422
291
547
80
1052
1031
7
1484
277
1648
1779
791
1444
0
1335
1445
933
156
1636
662
743
1511
1267
995
130
1631
365
6
1316
922
182
1647
265
297
1398
0
1457
602
346
1628
1078
1156
1095
1611
394
678
0
1424
735
1620
1613
77
1043
143
1645
235
1276
34
413
0
1504
536
1523
0
689
1570
1369
753
1350
765
386
1374
727
430
1432
635
524
495
675
61
325
885
1215
111
147
1137
957
330
23
632
673
11
294
959
184
1637
1353
1438
1618
1068
1585
1536
0
1516
1175
1634
728
1269
1645
49
1391
713
1271
120
1642
1431
927
1183
188
1618
4
1373
349
988
989
352
1288
1627
1262
677
646
1286
0
1536
307
1071
484
381
1405
1644
26
1493
353
1036
891
1391
1369
89
1639
9
1545
265
392
739
643
1240
40
1576
3
90
1407
898
516
1424
1441
1459
1478
1515
1534
1534
1570
1587
1603
1617
1630
1639
1644
1647
1647
1642
1632
1618
1598
1573
1541
1503
1458
1349
1349
1283
1214
1138
1056
1224
968
879
786
690
595
501
410
323
171
111
111
57
23
1
0
40
854
679
508
351
213
104
31
8
62
62
294
461
651
855
1056
172
53
0
14
98
98
247
449
685
937
1180
1390
1547
135
391
660
1228
1228
1455
1602
1583
1673
483
739
1064
1353
1559
1646
1598
1424
1144
808
1065
1379
1587
1647
1300
957
261
1459
1630
1619
1425
1344
1088
692
323
72
1647
1558
1277
874
456
390
134
1648
1190
1261
749
328
53
215
1766
1254
799
55
15
244
1088
596
0
115
115
656
0
116
116
513
510
108
249
249
741
216
0
154
618
1176
1571
171
171
662
1234
1604
369
881
1421
140
645
1251
1620
80
548
1177
1600
1569
1608
711
1223
1620
997
748
1375
1645
1389
1052
1582
1084
405
1643
1541
1285
1647
1379
699
1645
1391
1470
1647
1325
602
1629
1159
412
1386
874
177
1255
482
8
1493
112
81
81
254
11
1180
372
0
417
1230
436
0
433
0
145
256
0
496
241
669
1473
101
137
927
362
472
1240
732
1530
48
304
1195
796
1571
1438
453
1362
1604
212
1111
1647
1139
73
877
1328
691
1542
1448
1296
559
1474
1392
1428
1547
1700
1695
1528
1384
1471
1366
368
1630
1197
1644
951
63
1565
646
0
1559
1349
75
987
65
345
1525
536
1152
610
0
1153
129
529
182
1385
126
153
653
0
802
1020
46
1527
214
210
1319
445
58
512
0
839
122
474
274
126
1486
1337
273
1422
1403
220
1378
1440
195
1358
83
1410
261
1442
1348
339
1508
1254
453
1579
608
1632
1648
1043
1599
1288
244
1223
1666
898
932
523
1432
191
1571
1063
1619
595
1273
1433
179
1596
976
0
1606
428
1241
1069
1647
635
70
1382
115
1774
750
146
1637
764
34
1414
122
582
1313
54
493
178
1493
1024
0
416
767
49
1315
35
319
322
839
32
1305
33
402
353
699
96
1439
0
1090
694
606
341
1624
102
1467
1209
1091
32
905
1547
97
1657
165
882
127
0
1235
1293
7
1053
772
1540
716
1603
228
577
1636
1696
376
495
355
1625
229
1613
1607
1677
653
1606
650
214
1611
627
584
528
1635
525
324
1727
447
1648
360
1636
264
168
250
1542
84
926
1304
24
1105
1300
1286
1374
1118
1453
892
111
1578
648
400
503
1625
185
787
1317
1095
1276
0
1479
967
95
613
329
367
282
676
1545
56
1075
1270
2
867
930
162
434
519
1603
107
981
1327
0
1380
868
177
380
604
533
1557
48
1133
1172
9
1545
621
380
1632
146
178
946
1324
3
1462
746
290
1644
195
1360
1280
0
1459
736
310
1641
1693
157
1285
17
1365
597
445
62
1164
1078
103
1628
346
729
670
1438
0
1443
364
338
1618
126
1641
264
17
25
1561
483
0
157
687
424
1585
32
843
1626
70
189
949
230
1642
1000
200
126
209
1643
950
251
1631
245
1269
844
1595
107
492
1517
236
482
704
82
264
975
1119
77
1276
508
0
1537
413
983
106
1648
104
1052
443
1578
1596
954
1618
1552
16
1452
1261
113
622
644
1338
76
1650
82
1334
645
1323
90
111
1391
551
713
1225
162
1400
957
1015
330
1532
1623
159
685
643
643
4
1541
297
852
360
1384
86
17
1516
1343
1078
840
531
1400
120
1627
0
216
200
1224
725
1163
270
1534
18
1645
1475
343
782
525
500
476
448
419
389
327
327
296
230
198
167
137
1453
1355
1243
1116
979
835
688
663
407
282
90
30
0
1
36
104
71
327
479
645
304
413
53
1
7
72
193
107
363
797
1029
1247
1431
16
1
71
220
436
439
971
1230
1447
1591
1646
1606
504
810
1118
1385
1572
1599
1599
1431
570
913
1242
1635
1624
1624
1185
838
485
1169
1466
1630
1621
1698
1442
1127
742
374
1626
1619
1415
1063
1162
650
277
1448
1083
647
256
27
27
1560
1249
801
320
64
9
703
265
18
53
835
375
53
24
301
826
23
62
414
905
121
245
746
1285
0
0
217
726
1283
1618
58
314
877
1648
583
675
1187
1595
433
1052
1541
1618
411
1043
1545
1614
1202
1091
1603
1552
747
1380
1647
1370
1086
1598
986
315
1516
1612
1203
1373
1185
469
16
1481
1621
411
259
1573
993
275
1626
1440
736
102
76
1634
1160
256
0
1488
83
990
230
551
1174
371
0
463
256
0
342
1
339
1166
449
0
400
1243
342
4
534
58
58
754
1527
53
1055
1637
0
512
1353
946
851
516
1400
63
1087
1647
2
1566
510
1423
758
1264
1630
939
206
1129
1649
1039
1647
1140
993
1642
1162
209
1001
1646
1135
184
1060
1648
1058
1168
1639
924
60
1311
1593
737
7
1471
1481
6
1274
257
105
1646
964
59
1541
0
1238
206
160
1622
774
4
1341
805
5
1516
236
512
86
342
81
75
728
0
741
1068
62
1508
198
1309
446
61
1087
1622
515
3
870
173
563
82
434
1539
1764
127
363
1501
1305
322
1475
310
1471
465
1489
1497
1570
1146
559
1616
1016
713
1645
871
1639
1569
1341
202
334
1531
1178
46
615
1780
1420
181
1575
1062
6
1642
605
1450
1473
1586
1009
0
1618
469
148
1288
1288
703
556
1438
160
1626
844
1492
212
1612
880
7
1493
197
814
23
124
65
645
90
1256
28
959
3
1156
123
610
681
169
1060
0
1101
132
613
467
211
952
1239
46
826
1595
429
429
142
1502
4
1233
1333
904
186
1644
1618
710
1499
14
1309
0
1092
870
782
659
1623
480
1648
1635
1610
1599
720
1547
83
937
46
1436
1334
1078
1353
1329
1138
1143
1027
1326
1128
6
1350
1094
1388
28
1430
53
1486
881
1539
771
641
758
1634
500
367
354
198
1557
923
1295
1148
1249
0
1360
1009
62
1534
212
97
1633
205
1512
39
1100
1025
1
1401
122
1603
1561
400
1639
207
964
1476
15
1208
39
250
1530
297
1648
261
736
1494
17
1084
60
579
403
1629
1682
146
935
1341
0
1321
809
231
769
936
0
1346
911
177
107
1643
305
735
0
1360
212
1647
239
841
1375
0
1470
700
612
356
1627
105
1081
1159
1091
1607
408
657
1280
0
1400
319
1631
1634
1098
107
1636
288
1341
1553
498
1497
0
1437
682
429
1580
24
828
314
1240
252
954
237
1203
937
1257
866
320
1349
742
430
1465
565
603
362
845
1647
1132
1606
17
1418
1413
21
1043
236
1618
21
1424
566
668
57
1643
138
431
1506
59
1595
993
291
1553
338
1048
275
1585
1607
1007
1594
454
1454
103
1241
1619
1548
1073
1129
873
1416
63
1648
37
1463
403
963
923
411
1451
49
1647
37
195
1475
369
1027
886
345
1369
106
1632
2
1574
1745
209
1237
642
756
1127
1073
305
1504
36
27
224
736
788
816
848
880
917
956
1076
1076
1119
1165
1210
1389
1433
1512
1512
1547
1604
1625
1639
1647
1647
1640
1623
1599
1563
1520
1402
1328
1328
1156
1059
956
849
739
628
520
317
317
227
84
36
6
0
8
40
172
172
741
560
389
239
120
38
7
63
63
165
309
487
687
643
1108
82
7
4
215
215
414
652
911
1161
1380
1544
1635
62
221
486
742
1038
1308
1376
1632
1636
1324
596
1240
1233
1489
1633
1500
1250
1317
1300
1648
1576
1350
896
640
1370
1622
1433
1098
579
323
1647
1243
831
414
107
1642
1475
1113
1172
256
23
35
1394
1138
666
244
15
56
921
432
83
6
230
963
84
9
4
738
294
82
214
470
57
375
413
925
1428
48
49
430
981
1493
151
651
1242
1613
186
442
1539
1622
1257
999
1511
1631
410
1052
1554
1679
726
1238
1629
1497
924
897
1631
1734
1222
1318
1647
1392
732
1632
1465
1336
1627
1466
810
1643
1398
695
92
1749
1237
486
13
1561
946
223
537
531
835
136
63
279
6
505
1197
389
149
405
256
374
428
0
410
1
515
1355
220
702
727
163
206
974
154
410
1291
804
1460
8
368
1267
893
1606
1368
549
1439
1564
296
1219
1641
1790
134
1004
1730
1601
1602
1557
1421
1525
1455
1455
1522
1453
1672
1416
1590
1709
1197
1760
992
724
1432
1444
420
1135
1168
144
512
300
349
1643
880
22
221
1406
78
26
861
13
530
1334
256
144
1194
669
0
755
85
364
1449
337
103
512
32
514
277
374
337
121
1212
527
35
1027
0
1647
734
125
637
576
584
1608
41
550
1602
42
554
1077
590
1618
1021
1637
880
1648
1640
1640
1590
1752
1268
1485
238
1451
115
313
1052
1648
1076
403
1350
126
1606
979
1564
540
1408
159
1602
968
0
1608
443
1269
1084
1647
700
44
1442
165
1631
863
235
126
1598
926
0
1086
1524
237
776
1475
171
493
735
51
1346
66
184
1082
0
1026
210
470
85
119
1213
931
246
443
98
154
0
1047
1494
143
612
245
41
35
1338
1239
8
998
615
390
1625
1494
1522
5
9
777
1645
349
1637
45
1581
98
1497
953
1394
1471
1307
5
1379
1430
1320
966
1466
974
1486
905
1494
71
900
1494
1481
1336
950
1454
41
903
1076
1354
1161
1275
1173
1028
1364
1045
36
889
1561
206
1625
340
1614
171
790
1328
48
0
1296
1337
40
1503
782
93
1629
471
444
203
7
775
31
1133
1223
8
1442
851
1626
1734
454
489
135
911
877
0
1328
985
66
1602
515
176
1348
0
188
1641
345
1524
1303
23
1075
79
1598
486
513
1585
62
1128
1153
1153
53
1577
517
500
57
1155
1105
72
1608
423
614
1523
12
25
1305
924
193
1647
235
868
1340
7
720
464
1584
38
1244
969
948
180
1648
210
929
1058
34
1584
651
1280
662
437
1560
24
844
1612
76
978
207
1646
126
1053
1648
152
1075
156
1648
1099
179
114
1161
243
1634
1273
833
354
1588
13
1410
649
1487
0
772
1301
61
196
1074
242
1382
651
12
1603
986
214
29
127
1407
642
1367
1641
1188
493
1517
1
1590
276
1256
303
1574
0
1619
962
275
1583
1536
1555
995
842
224
1137
476
1438
40
1645
580
746
1206
190
0
1567
1124
821
528
1374
88
1642
21
1505
1368
344
1040
891
479
1398
1362
1643
16
1527
351
1119
787
593
167
65
1601
0
1615
137
1339
523
1004
1423
1366
86
1634
1256
1233
1210
1183
1154
1124
1089
1270
1014
971
880
831
781
727
672
616
758
502
444
387
276
480
224
130
92
56
1161
1017
865
552
664
408
162
74
19
0
61
147
415
415
584
956
112
24
0
32
128
128
283
479
450
945
1174
1379
1370
1
75
200
456
723
1005
1267
1477
1609
1583
